696  49   59   52   62   10   65   47   47   25
49   822  63   74   42   7    69   68   62   45
59   63   705  50   67   13   61   52   76   27
52   74   50   811  43   13   68   69   58   36
62   42   67   43   803  4    44   51   36   25
10   7    13   13   4    1246 8    15   17   17
65   69   61   68   44   8    836  49   71   30
47   68   52   69   51   15   49   757  60   25
47   62   76   58   36   17   71   60   797  34
25   45   27   36   25   17   30   25   34   2047
